Lisa 83 18 23 42 32
George 19 0 33 82 42
Cindy 6 35 5 38 97
Frank 43 67 18 1 35
George 85 25 24 98 8
George 95 79 38 64 26
Cindy 37 52 87 44 73
Cindy 35 75 95 8 39
George 38 22 53 79 63
Frank 14 15 94 26 44
George 4 16 29 12 57
George 92 72 21 11 27
George 4 39 76 8 87
George 2 64 90 64 77
Cindy 19 10 51 2 13
Lisa 7 45 75 40 1
Frank 12 18 11 35 37
Frank 55 80 64 78 36
Lisa 94 3 51 16 71
George 25 26 30 90 94
Lisa 10 1 95 70 30
Cindy 62 97 16 46 98
Cindy 60 89 29 12 26
George 38 49 58 80 48
Lisa 66 88 65 64 43
Lisa 64 6 91 37 8
George 89 14 58 61 25
Lisa 61 4 59 80 30
Cindy 22 89 29 67 74
Frank 18 32 92 65 51
Frank 75 5 50 52 7
Cindy 80 60 6 0 26
George 65 94 37 89 0
Frank 38 75 4 92 50
Lisa 8 81 5 84 46
George 89 70 59 31 86
George 58 91 95 16 49
Cindy 57 16 6 7 33
Lisa 68 20 60 79 18
Lisa 75 10 75 7 31
George 53 6 3 30 23
George 10 33 46 42 85
Lisa 30 87 40 17 94
Lisa 19 36 77 75 35
George 91 13 20 64 16
Frank 47 73 75 64 32
Cindy 29 50 32 79 1
Frank 84 54 78 10 41
Cindy 3 85 12 27 72
Frank 86 51 29 22 36
George 32 77 2 72 20
Cindy 60 6 77 87 64
Frank 3 66 35 53 10
Frank 44 16 84 78 46
Cindy 57 89 28 14 61
Lisa 49 20 75 74 99
Lisa 20 12 84 36 1
George 98 62 88 29 14
George 89 31 12 37 93
George 68 28 83 83 85
Frank 42 62 55 42 35
Frank 26 63 51 58 4
Cindy 0 27 1 34 86
George 92 10 76 25 2
George 11 61 37 77 97
Lisa 55 79 47 51 3
George 24 89 77 10 78
Frank 8 61 72 21 89
Frank 78 36 79 72 84
George 78 84 31 8 64
Cindy 24 24 18 27 0
George 49 80 72 87 31
Cindy 87 85 84 10 74
Frank 93 79 81 59 73
Lisa 93 95 42 64 88
Cindy 95 81 77 53 50
Cindy 22 51 1 12 67
George 55 45 90 36 83
Cindy 37 88 6 5 90
George 19 85 54 71 93
George 50 51 63 7 34
George 18 56 66 82 57
Lisa 70 94 83 59 82
Frank 33 33 80 4 3
Frank 54 67 14 18 80
Lisa 14 17 32 97 16
Cindy 1 68 93 49 14
Lisa 30 70 93 63 70
Cindy 64 70 36 82 71
Frank 45 99 63 98 54
Lisa 56 0 34 65 25
Lisa 46 48 63 14 11
Lisa 8 29 31 75 64
Frank 30 20 58 63 20
Lisa 17 76 13 39 20
Lisa 3 58 40 53 4
Lisa 79 53 93 65 55
George 24 94 52 65 91
Frank 11 22 58 81 40
Cindy 32 27 65 91 76
Lisa 47 28 12 61 22
Frank 92 66 92 20 9
Lisa 53 37 33 26 97
Cindy 91 7 61 1 90
Lisa 68 82 4 46 19
Lisa 45 56 55 22 20
Cindy 24 19 2 47 40
Lisa 91 12 39 4 67
Lisa 45 49 60 21 78
George 90 69 70 6 69
Lisa 30 6 66 70 13
Lisa 53 38 53 40 20
Cindy 7 35 57 26 37
Frank 48 62 56 14 27
George 28 9 54 78 58
Frank 50 14 57 54 53
Frank 71 27 91 80 72
Lisa 52 29 2 10 23
George 4 66 2 38 94
Lisa 4 86 28 25 53
Lisa 41 39 46 57 75
Frank 33 42 26 28 41
Frank 27 33 58 0 19
George 36 51 77 42 10
Lisa 1 98 37 65 36
Frank 77 35 30 12 79
Cindy 35 25 96 81 72
Frank 72 62 93 12 26
Lisa 8 88 88 30 78
Cindy 29 61 81 53 5
Frank 76 85 91 25 68
Lisa 76 10 8 16 20
Cindy 92 15 25 63 81
Cindy 32 28 8 40 26
Cindy 79 43 32 16 74
Cindy 2 53 1 19 74
Frank 16 61 14 7 33
George 83 68 33 62 18
Frank 72 59 50 46 49
George 45 95 75 19 79
George 23 67 0 78 99
Cindy 97 90 8 44 86
George 56 41 30 97 81
Cindy 32 7 98 81 33
Frank 63 66 18 65 52
Lisa 98 93 72 5 6
Lisa 26 64 30 84 26
Frank 87 89 92 75 13
Lisa 27 18 62 26 70
Cindy 75 70 61 23 7
Frank 21 88 29 63 51
Lisa 5 4 65 8 97
Lisa 74 7 12 11 20
George 27 16 67 61 69
Frank 75 21 60 41 0
George 10 82 75 20 2
Cindy 79 85 33 30 99
George 38 95 47 65 2
Cindy 78 75 25 91 25
Cindy 10 41 17 32 63
Frank 54 55 63 43 68
Cindy 93 79 39 10 92
Lisa 40 35 83 83 83
George 55 81 88 11 46
Lisa 57 9 27 31 85
Lisa 48 1 87 20 90
Cindy 50 77 69 3 77
Lisa 14 55 90 16 39
George 14 52 39 38 80
Lisa 92 37 33 12 81
Frank 31 32 6 10 94
George 61 56 9 1 44
George 74 82 13 85 29
Lisa 35 95 63 26 53
George 67 25 50 21 84
Lisa 76 59 12 52 15
Frank 21 58 57 98 61
Cindy 48 47 50 20 40
George 22 51 69 9 24
George 60 37 61 22 39
Cindy 36 85 4 64 27
Cindy 13 34 1 93 94
George 33 87 4 74 71
Frank 82 41 34 9 85
George 20 66 80 49 10
Lisa 82 86 95 75 99
George 46 60 73 84 55
George 67 24 15 81 5
Frank 97 12 70 43 96
Lisa 54 65 99 67 56
Cindy 84 35 26 71 35
Cindy 93 3 83 84 62
George 24 95 59 45 93
Frank 15 45 27 48 80
Frank 39 90 89 4 51
Cindy 83 16 68 28 79
George 4 23 82 29 20
Frank 25 43 21 13 0
Cindy 30 78 81 78 84
Frank 98 67 14 6 92
Lisa 17 53 72 44 98
George 70 20 87 54 63
Frank 96 81 1 72 88
Lisa 43 64 46 25 10
George 13 73 59 64 54
Cindy 42 91 40 39 24
Lisa 43 7 78 90 40
Frank 49 59 55 8 7
Cindy 48 18 33 60 1
Lisa 58 53 91 33 73
George 38 13 8 86 85
Cindy 50 97 53 34 47
Cindy 63 87 10 18 81
Frank 57 85 82 48 77
Cindy 82 67 5 44 84
George 9 11 88 22 11
George 95 71 69 76 86
George 65 84 36 70 68
George 20 29 62 58 95
Lisa 57 33 74 89 69
Frank 52 71 84 39 70
Lisa 31 43 66 95 86
Lisa 92 77 20 53 89
Cindy 24 49 59 82 65
Lisa 56 3 37 0 51
Cindy 90 35 18 83 94
Cindy 62 85 44 45 76
George 45 78 15 30 44
Frank 14 30 95 51 78
Lisa 43 66 53 73 62
Cindy 20 85 10 72 26
Frank 73 22 23 84 18
Cindy 32 16 28 41 73
Cindy 85 98 14 22 17
George 16 97 60 46 71
Cindy 92 91 16 59 87
Lisa 89 40 55 61 11
Frank 67 12 15 51 41
Cindy 39 72 32 6 61
Lisa 97 74 53 7 4
Frank 29 13 6 68 46
Cindy 84 94 1 61 13
Cindy 47 41 75 29 87
George 55 48 32 95 8
Frank 89 15 8 85 97
Frank 85 74 9 97 91
Lisa 81 14 42 9 92
Frank 61 6 56 49 95
George 33 92 36 57 63
George 83 52 50 96 37
Cindy 90 57 41 60 56
Cindy 40 59 42 31 49
Lisa 51 0 95 41 35
Cindy 49 44 28 78 91
George 76 60 93 24 8
Lisa 16 6 75 86 34
Cindy 2 52 70 80 37
George 23 96 92 36 50
Frank 18 97 59 39 71
Frank 43 27 53 55 45
Cindy 6 74 78 69 37
Cindy 39 81 66 59 58
Cindy 57 21 99 74 35
Cindy 25 6 65 61 10
Frank 77 74 67 8 40
George 6 65 20 66 36
George 65 8 62 27 36
George 97 62 66 91 17
Lisa 53 10 99 69 77
Cindy 56 90 79 17 66
Lisa 92 40 14 19 24
Frank 21 49 29 6 17
Cindy 82 70 96 44 3
Frank 70 81 33 50 22
Cindy 33 80 12 18 22
Cindy 62 64 61 39 0
George 88 86 50 23 38
George 10 96 3 40 93
George 43 12 71 78 76
George 18 16 9 28 38
Frank 44 90 23 90 27
Cindy 22 34 95 50 10
George 13 61 90 87 26
Frank 84 13 4 62 23
Lisa 6 19 99 55 59
Lisa 80 50 56 54 1
Lisa 85 98 68 68 95
Cindy 37 80 55 56 28
Frank 38 31 71 52 38
Lisa 71 30 88 94 63
Cindy 86 79 84 69 19
George 98 85 23 61 34
George 14 28 86 50 31
Cindy 72 55 51 10 7
Frank 56 20 36 71 88
George 50 53 37 19 90
George 37 74 93 10 43
Cindy 91 73 31 36 36
George 1 22 72 31 61
Lisa 0 37 25 25 79
Cindy 76 43 41 23 17
Frank 25 63 11 73 96
George 78 9 97 45 69
Cindy 71 11 99 59 58
Lisa 94 63 76 37 81
Frank 52 66 3 98 24
George 6 66 28 9 93
George 24 50 62 38 27
Frank 25 31 44 23 49
George 56 66 30 50 26
Cindy 92 31 29 44 37
Frank 50 28 41 21 79
Lisa 4 4 64 21 50
Cindy 6 98 86 88 48
Frank 22 57 83 19 14
George 40 84 57 47 87
Lisa 38 66 15 93 51
Frank 1 58 32 70 50
George 30 66 13 9 56
Frank 49 80 99 78 96
Frank 91 37 33 14 67
Cindy 31 83 50 99 25
George 45 96 90 78 45
George 54 50 60 94 65
George 18 87 17 79 88
Lisa 42 70 69 39 48
Cindy 92 65 46 31 62
Lisa 40 29 95 26 66
Lisa 11 57 10 93 58
Lisa 58 75 90 70 53
Lisa 89 92 69 4 28
George 13 94 99 20 56
Cindy 8 6 83 80 15
George 31 9 68 85 99
Lisa 94 32 20 75 82
Frank 59 97 63 31 19
Lisa 51 99 71 58 31
Cindy 49 53 10 23 76
George 73 84 70 68 4
Cindy 78 39 59 74 38
Lisa 53 87 89 87 51
Frank 77 17 87 14 63
Frank 11 29 28 37 79
Frank 10 92 34 79 92
George 3 2 41 38 70
Lisa 91 64 76 98 61
Cindy 79 45 20 25 47
Lisa 43 67 4 5 4
Lisa 34 63 86 46 18
Lisa 71 53 70 37 34
George 46 8 84 72 46
Frank 62 14 70 20 7
George 73 89 78 96 78
Cindy 51 11 81 45 53
George 98 48 29 80 32
Cindy 85 84 12 87 39
George 81 95 6 64 61
George 4 52 15 60 73
Cindy 59 16 82 56 84
Lisa 12 66 46 63 87
Frank 34 67 34 12 50
George 3 72 75 9 68
Frank 77 94 50 1 82
Frank 86 17 3 65 40
Frank 35 1 65 16 97
Cindy 5 87 9 45 93
Lisa 98 70 42 1 59
Frank 66 27 40 80 4
George 97 41 83 49 79
Frank 0 41 51 32 25
Lisa 90 13 44 67 11
George 74 10 31 84 46
Lisa 39 17 80 64 76
Lisa 68 36 1 76 65
Frank 77 57 93 63 37
Frank 18 16 16 31 27
George 78 28 31 27 89
Cindy 2 12 5 16 92
Lisa 40 45 20 36 62
Cindy 69 34 97 67 27
Frank 29 39 11 86 23
Cindy 21 83 28 34 87
George 50 50 85 92 96
Frank 26 32 20 76 77
Cindy 16 61 91 2 82
Lisa 12 76 15 31 73
George 91 50 7 44 93
Cindy 91 72 28 82 34
Lisa 27 35 62 77 11
George 67 17 50 13 47
George 96 32 66 77 44
Lisa 54 11 15 89 90
Frank 27 29 85 1 36
Lisa 82 58 93 54 27
Cindy 9 93 77 20 38
Lisa 86 3 94 37 81
George 90 66 69 85 26
Lisa 5 65 65 46 59
George 27 83 91 96 29
George 56 94 18 5 82
Cindy 12 58 67 26 73
Cindy 63 29 64 71 56
Cindy 85 75 40 19 12
George 45 46 0 69 87
Lisa 21 68 49 63 95
George 58 82 68 30 90
George 60 52 12 65 72
George 81 18 41 89 92
George 84 97 87 0 23
Cindy 28 8 35 57 94
George 51 63 11 26 48
Lisa 7 97 16 1 30
Frank 53 24 14 34 92
Frank 23 61 52 93 49
Lisa 57 32 4 4 94
Lisa 0 27 86 36 84
Cindy 99 48 18 42 66
Cindy 72 82 92 22 68
George 86 15 33 71 94
Cindy 95 65 86 77 50
Frank 10 99 71 8 0
Lisa 23 80 26 95 98
George 77 17 12 43 82
Frank 26 19 57 14 31
Cindy 53 71 4 77 51
George 10 26 96 30 15
Lisa 61 92 57 86 63
Lisa 59 93 95 67 94
Cindy 77 27 96 61 80
Cindy 78 43 68 40 82
Cindy 51 33 79 79 10
Cindy 32 92 47 42 39
Lisa 75 21 96 95 6
Cindy 45 29 21 70 74
Cindy 78 74 1 35 91
Frank 67 25 42 77 7
Lisa 77 55 57 10 14
Cindy 66 58 94 21 22
Lisa 99 50 62 84 26
Frank 96 46 58 77 54
Cindy 20 30 81 71 46
Cindy 85 71 79 55 32
George 9 82 45 32 21
Lisa 30 32 46 14 63
Lisa 24 27 48 12 86
Cindy 96 5 8 31 4
Cindy 53 85 11 48 45
Lisa 16 11 38 89 88
Cindy 85 61 20 90 22
George 78 20 98 25 81
Frank 28 46 1 97 36
Frank 86 23 77 30 95
Cindy 62 5 80 16 21
Cindy 23 34 85 58 85
Cindy 83 78 11 56 50
George 82 67 84 62 71
Lisa 19 58 6 57 42
Lisa 76 94 55 67 76
Lisa 81 55 9 71 96
Lisa 47 61 94 38 17
Lisa 14 95 9 78 42
Frank 89 64 11 24 33
George 28 16 0 90 54
Frank 49 17 27 20 40
Cindy 88 81 2 67 72
Cindy 83 99 92 36 68
Frank 20 95 7 57 69
Cindy 34 28 45 17 66
Lisa 26 41 90 94 10
Lisa 31 58 36 90 59
Frank 39 17 35 1 64
Cindy 42 24 0 38 80
Cindy 45 21 13 70 16
Cindy 60 42 73 18 53
Frank 67 6 1 97 2
George 49 15 85 85 70
George 93 52 60 45 9
George 40 99 20 58 87
Frank 98 95 80 75 79
Cindy 81 12 67 31 75
George 72 7 49 62 50
George 65 2 17 57 48
Cindy 20 50 83 29 8
Frank 90 34 0 75 41
Frank 94 55 2 1 0
George 27 65 13 6 84
Lisa 24 92 17 86 34
Frank 41 74 68 52 23
Cindy 91 76 23 93 12
Lisa 5 82 43 94 36
Lisa 75 85 73 54 47
Cindy 60 63 55 97 93
Frank 99 31 35 73 35
George 54 20 49 28 38
Cindy 97 52 12 18 11
George 10 16 5 97 15
Lisa 26 26 19 35 1
Cindy 92 60 83 75 25
George 92 43 38 24 38
Lisa 10 64 81 73 9
Frank 23 78 47 16 54
Frank 26 81 58 47 3
Lisa 56 13 90 67 54
Cindy 13 74 63 78 61
Lisa 35 24 28 90 87
Cindy 80 5 47 46 12
Frank 23 46 88 9 80
Frank 53 50 71 77 51
Cindy 46 32 65 0 99
Lisa 3 81 74 74 95
George 5 48 86 6 52
Frank 33 31 96 12 97
Frank 14 35 7 5 76
Cindy 24 42 13 52 19
Cindy 69 9 85 21 15
Frank 78 75 53 7 34
George 20 65 52 52 88
Frank 90 49 98 17 42
George 51 47 50 11 47
George 58 87 91 10 37
Cindy 37 76 5 3 80
George 96 85 32 59 73
Cindy 1 39 15 77 44
Cindy 53 26 6 95 54
Frank 64 90 68 54 11
George 18 76 41 51 78
Frank 17 58 26 91 67
Frank 25 45 0 6 8
Lisa 90 85 74 93 90
Lisa 65 5 16 62 25
Lisa 82 16 7 4 5
Lisa 97 26 66 7 11
Cindy 51 22 71 48 41
Cindy 77 85 47 3 26
George 83 9 40 97 77
George 57 28 15 5 8
Lisa 9 21 35 82 7
Frank 46 26 4 25 98
Cindy 6 85 65 86 9
Frank 16 2 4 98 91
George 13 81 44 48 80
Cindy 20 3 59 90 36
Cindy 99 85 30 21 49
Frank 55 69 35 20 41
Lisa 87 29 9 27 55
Lisa 90 70 93 96 53
Lisa 60 56 50 84 49
Lisa 47 5 95 78 45
Frank 86 35 62 48 18
George 80 92 70 8 42
Cindy 26 70 26 10 60
Frank 74 30 38 91 32
Lisa 22 63 99 1 28
Lisa 63 51 49 6 1
Frank 11 58 20 37 65
Lisa 58 2 72 56 70
Cindy 83 64 97 58 76
George 20 81 81 15 84
Frank 7 93 95 33 52
Cindy 8 14 91 37 48
Cindy 0 96 40 47 72
Frank 32 83 92 85 86
Cindy 96 90 99 58 61
Frank 19 41 87 10 92
George 56 89 19 90 25
George 75 41 55 37 37
Frank 32 58 15 38 59
Lisa 10 79 58 10 75
Cindy 68 50 94 59 89
Frank 35 24 56 35 97
Lisa 75 72 14 59 16
Frank 46 97 56 23 88
Lisa 78 9 72 20 95
Cindy 12 74 98 24 87
Frank 48 63 81 92 4
Cindy 66 53 63 57 99
George 40 31 76 36 94
Lisa 83 77 91 59 21
Cindy 40 87 48 94 45
Frank 20 11 34 10 26
Lisa 99 64 11 88 65
George 59 5 46 98 19
George 65 91 85 90 9
Cindy 48 75 46 72 99
Frank 98 72 27 22 48
Cindy 67 57 49 63 59
Cindy 39 1 79 75 44
Cindy 90 89 23 70 68
Frank 79 67 26 22 28
Frank 83 86 19 20 52
Frank 46 90 5 68 72
Lisa 83 19 99 20 33
George 38 39 68 13 30
Lisa 99 18 25 85 63
Cindy 13 65 68 78 71
Cindy 68 90 3 49 22
George 24 65 26 37 93
Lisa 52 22 67 89 85
George 38 10 80 48 98
Lisa 1 67 72 33 56
George 61 8 74 17 38
George 34 2 97 74 22
Frank 17 99 66 20 37
Lisa 28 54 91 93 17
Frank 5 18 78 30 21
Lisa 14 17 53 96 94
George 29 85 0 0 7
George 97 67 59 23 89
George 21 94 57 19 94
Frank 60 54 94 61 32
Cindy 71 39 15 71 8
Frank 7 46 46 1 17
Cindy 88 32 47 0 47
Frank 37 86 54 86 17
Lisa 36 73 24 93 88
Lisa 36 10 63 8 49
George 6 17 17 25 45
Frank 86 14 34 69 58
Frank 15 12 16 96 97
Lisa 14 34 3 91 53
Cindy 52 2 51 81 69
George 25 10 10 1 71
Frank 82 74 33 75 92
Cindy 51 26 32 10 33
Frank 83 92 16 51 57
Lisa 81 33 21 6 25
Frank 73 15 94 98 26
George 21 39 58 70 45
Frank 30 80 61 55 56
Frank 38 91 62 28 56
Lisa 96 96 53 86 1
Frank 56 7 16 81 47
George 77 84 89 50 25
Frank 72 71 43 69 99
Lisa 55 88 55 93 77
Frank 13 70 90 49 16
Cindy 65 47 27 66 56
Cindy 18 90 57 65 27
Lisa 72 54 73 81 93
Lisa 1 77 45 92 86
Cindy 67 75 48 8 92
Cindy 73 62 15 16 55
Frank 23 31 66 31 14
Frank 95 1 14 84 92
Frank 65 44 66 76 87
Lisa 70 2 68 92 14
George 27 44 47 53 59
Cindy 43 64 97 89 94
Frank 14 31 76 65 77
Frank 98 41 66 22 14
George 83 87 35 12 3
Lisa 87 14 0 60 56
Lisa 15 84 5 45 77
Frank 94 23 96 8 39
Frank 39 34 40 7 19
Frank 94 65 17 99 29
Lisa 60 73 36 7 1
Lisa 46 76 83 86 30
Cindy 3 73 58 54 20
Lisa 45 64 30 22 68
Cindy 26 50 18 4 23
George 20 22 43 8 55
Cindy 46 56 83 27 35
Frank 50 67 26 66 39
Frank 45 68 84 27 11
Frank 29 50 99 51 29
Lisa 61 32 78 74 33
Frank 14 82 95 37 38
George 77 84 12 81 9
Frank 96 99 3 84 99
Cindy 38 58 82 69 19
George 22 17 57 1 30
Lisa 56 20 1 58 65
Lisa 15 94 39 6 77
Frank 15 4 68 28 76
Cindy 59 26 30 44 54
Cindy 53 20 72 31 13
Frank 81 80 64 24 0
Frank 46 50 58 50 21
Cindy 95 63 11 63 46
Frank 55 5 1 57 12
George 45 3 55 43 53
George 40 59 13 48 68
Cindy 61 78 36 18 96
Lisa 13 64 47 19 50
George 43 87 29 25 79
Cindy 31 80 35 85 79
Cindy 50 57 73 9 54
George 92 76 52 98 4
Frank 14 83 13 11 46
George 67 69 43 76 7
Lisa 71 56 47 79 30
Frank 59 27 74 69 18
Lisa 55 70 13 78 18
Cindy 8 14 76 38 9
Lisa 67 70 46 85 49
Lisa 70 95 24 87 60
Cindy 9 6 79 29 79
George 71 57 33 86 1
Cindy 3 94 64 53 99
Lisa 5 72 18 50 34
Cindy 91 68 15 29 91
Cindy 98 89 5 93 88
Frank 75 57 37 52 77
Cindy 42 59 34 31 94
Cindy 86 74 78 46 57
George 23 15 37 75 45
George 95 46 38 9 19
Frank 91 29 92 50 6
Cindy 16 67 85 48 11
Lisa 25 16 7 3 38
George 92 98 47 27 43
George 47 90 32 36 65
George 49 76 93 72 18
Cindy 60 19 3 56 82
Lisa 8 50 11 87 18
George 44 81 85 91 21
Frank 38 33 89 69 13
Frank 61 13 73 98 5
Lisa 0 52 24 38 77
Lisa 95 82 7 13 63
George 77 27 74 70 36
George 72 47 99 41 52
George 24 96 45 98 84
Cindy 10 63 19 5 17
Cindy 54 21 82 99 45
Lisa 6 56 8 38 34
Lisa 4 30 57 66 58
Cindy 54 45 1 8 90
Frank 76 27 2 8 59
George 29 54 35 32 16
Frank 3 52 30 45 78
Frank 83 84 91 50 64
Frank 55 53 94 48 84
Cindy 96 35 93 40 99
Lisa 29 99 5 17 75
George 25 87 7 63 74
George 80 93 97 58 0
George 1 70 75 25 88
Lisa 86 21 9 40 18
Cindy 77 33 71 67 21
Cindy 37 2 13 21 68
George 63 68 77 52 80
Lisa 35 99 59 13 66
Lisa 85 62 87 2 86
Lisa 15 24 78 29 74
Cindy 75 72 76 74 18
Frank 87 72 63 60 47
Lisa 36 1 29 83 30
Cindy 90 1 34 24 22
Cindy 17 32 10 77 47
George 24 75 61 1 72
George 11 77 71 41 73
Lisa 72 28 51 16 43
George 71 60 57 85 45
Lisa 41 62 18 72 72
Frank 83 76 84 26 43
Frank 12 37 15 49 99
Frank 48 77 56 69 78
Frank 73 55 47 56 80
Frank 69 47 13 22 19
George 47 37 4 97 51
Lisa 49 0 15 48 40
Cindy 65 23 3 0 10
Frank 19 50 53 20 45
Lisa 13 55 87 26 41
Frank 92 71 90 23 58
Frank 52 34 64 82 75
Frank 19 86 44 36 3
George 15 50 89 18 93
Cindy 39 25 84 77 59
Lisa 0 78 67 12 13
Frank 39 71 50 70 87
Cindy 35 67 26 84 15
Lisa 91 21 26 21 99
Lisa 9 91 52 80 25
Lisa 79 15 1 50 68
Frank 58 76 49 96 95
Lisa 6 81 25 5 15
George 63 15 12 65 99
Cindy 94 61 8 5 24
Frank 64 35 76 92 88
Lisa 54 3 8 27 21
Frank 90 64 23 66 70
Frank 42 55 27 5 62
Frank 56 92 60 47 80
George 76 9 65 44 94
George 86 37 0 39 19
Frank 91 35 23 76 34
Lisa 10 41 87 8 85
Lisa 40 31 79 14 43
Lisa 74 51 25 67 60
Frank 18 97 96 21 23
George 95 72 42 44 33
Lisa 89 38 61 57 20
Lisa 50 84 98 31 79
Cindy 59 3 30 13 78
Lisa 94 44 47 47 0
Cindy 94 42 8 20 11
Frank 94 70 38 49 38
Frank 37 58 76 22 76
Lisa 12 21 31 29 82
Cindy 69 88 46 64 36
Cindy 34 12 87 52 32
Cindy 83 85 59 20 65
Cindy 58 48 89 36 23
Lisa 74 11 13 70 51
Frank 81 79 80 98 8
George 70 80 20 36 93
George 47 16 6 52 30
Cindy 82 21 3 77 28
Cindy 46 46 88 25 98
Cindy 14 80 15 89 89
George 31 99 37 65 71
Cindy 71 34 57 98 53
Cindy 81 64 71 69 63
Frank 78 61 79 39 40
George 82 5 34 85 90
Cindy 60 18 45 27 84
George 46 18 19 18 37
George 81 95 97 89 54
Frank 97 93 92 3 66
Cindy 13 27 25 11 67
George 39 84 61 56 17
Lisa 24 87 82 53 67
Frank 41 60 71 30 67
George 28 66 93 74 89
Lisa 77 70 49 4 95
George 35 40 22 56 21
Frank 32 54 51 38 33
Cindy 49 32 19 7 45
Lisa 2 27 70 97 34
Frank 51 50 14 42 58
George 94 57 72 97 7
George 13 13 55 8 31
Cindy 94 41 17 62 25
Frank 21 5 2 37 18
Cindy 88 18 49 87 48
Frank 87 49 49 63 39
Frank 40 84 96 85 84
Cindy 35 21 42 64 55
Frank 51 43 54 79 90
George 81 29 95 44 42
George 7 55 77 78 45
Lisa 2 78 48 49 87
Frank 85 36 53 85 78
Lisa 99 67 4 43 60
Lisa 3 76 25 83 35
George 2 92 14 95 80
Lisa 24 33 52 10 85
Cindy 92 93 50 52 72
Cindy 97 3 36 63 79
Cindy 95 87 67 96 41
Lisa 39 80 11 82 79
Cindy 47 64 38 69 79
Frank 47 53 42 2 6
Cindy 93 28 17 51 79
Frank 6 45 38 34 34
Frank 94 17 35 66 71
Cindy 51 13 8 69 47
Cindy 42 2 63 62 31
Cindy 6 69 1 41 14
Lisa 22 80 86 84 75
Cindy 75 18 16 21 31
Lisa 85 13 82 77 3
Lisa 16 74 52 92 11
George 6 16 30 69 93
Frank 17 91 18 17 94
George 90 14 39 9 18
Frank 64 48 10 5 43
Lisa 56 39 80 36 18
Frank 17 66 56 57 27
Lisa 55 25 14 26 3
George 20 76 19 25 38
Cindy 70 33 3 62 65
Lisa 79 20 44 30 81
Frank 58 28 24 60 49
Frank 61 57 10 61 18
Cindy 40 29 49 81 65
Cindy 8 10 93 96 98
Lisa 76 53 33 99 10
Lisa 89 73 72 95 87
Lisa 9 91 20 91 31
George 20 42 51 23 5
Lisa 23 79 9 57 65
Cindy 48 98 9 11 67
Frank 78 31 63 25 10
Lisa 12 94 41 22 6
Frank 95 22 24 31 7
Frank 56 53 65 69 43
Frank 79 61 27 31 13
Cindy 30 47 40 83 34
Lisa 25 25 88 99 93
Frank 0 57 22 3 73
George 62 15 75 31 65
Lisa 19 38 89 26 35
Lisa 68 27 8 66 57
Frank 40 64 20 94 43
George 43 98 7 41 74
Frank 68 5 64 33 93
Cindy 29 74 63 24 80
Frank 26 35 87 13 17
George 72 28 14 37 38
Cindy 10 45 79 99 21
Lisa 40 29 2 62 98
Frank 55 74 88 53 5
Lisa 63 57 22 37 44
George 41 18 51 97 51
Cindy 35 44 80 29 33
Lisa 21 11 98 54 38
Frank 59 70 69 28 94
George 4 81 0 16 92
Lisa 16 86 96 87 91
Cindy 14 80 34 96 2
Frank 37 84 19 74 94
George 1 45 58 98 66
George 9 77 42 40 55
Lisa 78 12 16 39 74
George 5 7 6 99 25
Lisa 55 58 86 5 19
Frank 31 42 14 53 38
Cindy 11 12 65 41 46
Lisa 81 24 46 7 76
George 96 3 55 70 17
Cindy 33 98 10 62 31
Lisa 99 30 46 41 20
Lisa 94 5 10 83 6
George 47 62 75 61 24
Lisa 69 88 20 93 78
Cindy 63 75 37 85 50
Frank 46 24 80 75 5
George 94 14 8 69 83
George 72 1 97 95 9
Frank 18 77 78 54 39
Cindy 57 86 71 22 46
Frank 82 83 93 17 95
George 94 85 35 46 39
George 63 30 22 2 27
Frank 42 39 43 0 32
Cindy 83 22 71 72 13
Frank 54 70 61 17 79
George 42 25 37 68 28
Frank 22 81 30 5 65
Lisa 68 22 92 38 30
Lisa 84 16 26 38 65
Lisa 69 92 43 6 70
Frank 40 4 12 24 61
Frank 55 75 48 37 3
Frank 85 1 88 33 74
Lisa 16 77 88 51 38
George 6 65 37 93 63
George 52 65 10 39 50
Cindy 37 3 30 50 36
Lisa 93 33 23 29 23
Frank 2 75 37 16 17
George 27 37 98 62 12
George 48 32 92 70 83
Lisa 61 0 9 77 5
George 18 53 87 92 8
George 84 7 90 52 60
Lisa 46 9 83 51 49
Frank 88 11 12 98 79
George 7 2 83 81 65
George 47 29 58 60 86
George 47 63 88 45 80
Lisa 35 37 28 24 42
Cindy 6 78 41 68 98
Frank 76 71 20 39 44
Cindy 39 91 41 19 0
Lisa 67 51 43 80 25
Frank 28 72 89 13 93
Cindy 87 87 84 75 75
Cindy 64 49 38 37 74
George 61 37 92 19 81
George 47 0 70 63 76
George 20 71 31 55 12
George 96 32 74 8 29
Cindy 35 28 76 94 80
Cindy 76 13 38 76 18
Frank 40 57 46 84 84
Frank 8 16 57 54 32
Lisa 45 76 79 99 75
Frank 33 67 30 66 57
Lisa 84 22 89 54 89
Frank 71 78 50 99 50
George 60 13 71 74 94
Cindy 66 58 69 26 32
Lisa 4 73 0 80 54
Cindy 71 0 46 41 69
Lisa 75 72 10 42 55
Lisa 44 89 31 62 98
Frank 25 76 48 55 31
Lisa 13 46 30 39 43
Lisa 20 19 47 74 61
Cindy 86 34 57 94 90
Frank 16 71 90 33 65
Lisa 60 77 55 23 90
George 19 94 78 87 77
Lisa 85 33 3 71 22
Cindy 32 53 53 43 45
