George 88 10 55 78 40
Frank 68 91 79 4 96
George 37 64 93 31 35
Cindy 49 83 78 37 4
Cindy 36 88 36 90 28
Lisa 24 95 92 45 35
Cindy 75 51 5 27 98
George 65 17 19 63 50
Cindy 65 17 99 63 72
Frank 1 87 10 44 27
Lisa 55 93 24 36 76
Frank 31 4 83 86 38
Frank 0 13 43 69 16
Cindy 97 29 1 14 0
Frank 98 67 89 49 10
Cindy 39 24 81 71 52
Cindy 38 48 58 97 3
Lisa 92 0 49 5 13
Lisa 79 56 97 20 70
Cindy 75 80 90 51 85
Cindy 64 60 12 2 25
Cindy 84 81 53 66 57
Cindy 46 67 35 94 33
George 27 22 63 50 60
Frank 72 39 17 0 34
Frank 54 19 0 62 85
Cindy 37 57 89 89 38
Cindy 3 88 70 31 74
Frank 17 38 67 69 68
George 46 39 49 97 97
Cindy 37 46 44 41 27
George 95 49 10 60 71
Frank 9 66 88 82 21
Frank 63 1 4 72 0
George 18 75 25 27 61
Frank 69 36 58 93 74
Frank 72 78 12 41 56
Frank 50 17 7 54 39
Frank 28 3 59 89 13
Lisa 62 45 95 86 72
Lisa 35 56 76 77 95
Cindy 91 50 90 9 65
Cindy 46 77 35 26 6
Lisa 17 94 63 60 83
George 24 16 61 41 72
George 24 7 73 3 26
Cindy 99 61 19 11 87
Lisa 42 79 13 77 40
George 71 8 82 4 67
Frank 58 9 86 43 68
Frank 88 12 49 52 8
Lisa 44 73 38 56 70
George 55 19 0 19 11
Cindy 75 86 32 11 10
George 83 74 3 82 78
Frank 8 82 26 66 8
George 73 93 3 36 26
Lisa 7 42 81 33 78
Cindy 32 5 42 4 12
Cindy 18 87 96 12 18
Frank 6 53 54 15 5
Cindy 63 64 79 43 3
Cindy 6 19 59 62 65
Frank 60 83 73 71 83
Frank 75 70 85 10 36
Lisa 81 77 26 57 3
Cindy 95 94 4 79 53
George 9 90 84 70 67
Lisa 63 69 76 92 60
Lisa 14 84 71 50 74
Cindy 63 35 93 23 69
George 20 58 17 26 65
Cindy 73 71 97 44 20
Cindy 27 10 46 49 66
Frank 72 6 99 12 35
George 58 23 75 44 34
Lisa 6 56 9 36 43
Lisa 13 94 95 91 58
Lisa 64 40 2 55 77
Lisa 69 21 43 61 46
Cindy 52 13 27 61 62
Cindy 27 14 98 37 99
Lisa 98 38 53 89 46
Lisa 36 76 13 17 32
Frank 83 87 6 49 54
Frank 83 61 66 84 93
Frank 28 76 87 16 33
Lisa 78 22 74 53 64
Lisa 56 32 84 37 72
Lisa 64 79 71 0 24
George 32 56 2 10 36
George 79 82 87 27 82
Cindy 90 19 4 64 81
Lisa 32 86 67 35 19
Frank 44 69 66 83 21
George 50 9 9 86 32
Cindy 78 40 17 95 64
George 20 3 14 46 64
Frank 78 56 16 54 4
George 17 47 68 60 63
